# Coos County, November 5, 2024 General Election - Certified Final Official Canvass of Votes
# (data/sources/coos-2024-general.pdf). Scanned; OCR often misread 1 as 4, so pages 1 and 6-9
# were transcribed from the page images. Percentages printed beside each count are omitted here.

contest: President
source: page 1
cols: ballots_cast | registered | total_votes | Kennedy | West | Oliver | Terry | Trump | Stein | Harris | writein | overvotes | undervotes
01: 1507 2040 1493 15 1 6 3 998 1 469 0 0 14
02: 2857 3615 2828 35 4 6 2 1733 10 1027 11 0 29
03: 3020 4309 2977 69 7 10 6 1624 19 1227 15 0 43
04: 2198 3069 2172 35 2 5 4 1031 16 1069 10 1 25
05: 3507 5343 3459 85 5 12 7 1803 17 1515 15 1 47
06: 2062 2828 2030 27 5 6 1 981 15 986 9 0 32
07: 2384 3452 2347 41 3 9 3 1178 23 1078 12 0 37
08: 3401 5154 3370 77 5 11 1 2058 21 1186 11 0 31
09: 335 516 330 6 0 1 0 156 1 166 0 0 5
10: 2380 3054 2356 22 2 8 3 1558 6 739 18 0 24
11: 1928 2541 1908 38 1 3 1 1335 6 513 11 0 20
12: 2090 2934 2068 47 1 6 2 1283 8 716 5 0 22
13: 1290 1899 1272 25 2 6 1 854 4 371 9 2 16
14: 1675 2133 1657 17 0 1 1 1296 3 334 5 0 18
15: 492 640 487 11 0 0 0 347 0 128 1 1 4
16: 2104 2683 2065 35 1 6 1 937 15 1056 14 1 38
17: 2588 3410 2559 41 6 3 3 1459 18 1023 6 0 29
18: 357 502 357 4 0 2 0 218 3 128 2 0 0
TOTAL: 36175 50122 35735 630 45 101 39 20849 186 13731 154 6 434

contest: State Senator, 1st District
source: page 6
cols: ballots_cast | registered | total_votes | Preciado-McAlister | Smith | writein | overvotes | undervotes
10: 2378 3054 2227 595 1623 9 0 151
11: 1925 2541 1805 413 1382 10 1 119
12: 2089 2934 1938 591 1345 2 1 150
13: 1290 1899 1217 307 902 8 1 72
14: 1673 2133 1567 282 1271 14 1 105
15: 492 640 453 107 346 0 0 39
16: 2100 2683 1951 917 1030 4 0 149
17: 2580 3410 2410 864 1542 4 0 170
18: 357 502 336 99 236 1 0 21
TOTAL: 14884 19796 13904 4175 9677 52 4 976

contest: State Senator, 5th District
source: page 7
cols: ballots_cast | registered | total_votes | Beaudreau | Anderson | writein | overvotes | undervotes
01: 1504 2040 1419 401 1018 0 0 85
02: 2851 3615 2707 842 1863 2 0 144
03: 3016 4309 2820 1045 1775 0 0 196
04: 2197 3069 2030 953 1074 3 0 167
05: 3500 5343 3265 1344 1916 5 1 234
06: 2057 2828 1924 862 1055 7 0 133
07: 2375 3452 2216 968 1246 2 0 159
08: 3393 5154 3165 1075 2085 5 0 228
09: 333 516 310 152 158 0 0 23
TOTAL: 21226 30326 19856 7642 12190 24 1 1369

contest: State Representative, 1st District
source: page 8
cols: ballots_cast | registered | total_votes | Boice | Cecil | writein | overvotes | undervotes
10: 2378 3054 2241 1592 646 3 0 137
11: 1925 2541 1806 1328 473 5 0 119
12: 2089 2934 1944 1292 651 1 0 145
13: 1290 1899 1225 888 336 1 0 65
14: 1673 2133 1578 1271 304 3 0 95
15: 492 640 460 349 111 0 0 32
16: 2100 2683 1950 970 979 1 1 149
17: 2580 3410 2419 1500 917 2 0 161
18: 357 502 332 223 109 0 0 25
TOTAL: 14884 19796 13955 9413 4526 16 1 928

contest: State Representative, 9th District
source: page 9
cols: ballots_cast | registered | total_votes | Wright | Mrkvicka | writein | overvotes | undervotes
01: 1504 2040 1413 1035 377 1 0 91
02: 2851 3615 2670 1902 765 3 0 181
03: 3016 4309 2810 1871 938 1 0 206
04: 2197 3069 2012 1139 870 3 0 185
05: 3500 5343 3227 1944 1273 10 0 273
06: 2057 2828 1902 1093 805 4 0 155
07: 2375 3452 2181 1268 908 5 0 194
08: 3393 5154 3173 2157 1009 7 0 220
09: 333 516 307 166 141 0 0 26
TOTAL: 21226 30326 19695 12575 7086 34 0 1531
