# Curry County, November 5, 2024 General Election - "Statement of Votes Cast by Precinct" (data/sources/curry-2024-general.pdf)
# Scanned report; OCR was too noisy (merged count/percent cells), so pages 1-3, 11 and 12 were
# transcribed from the page images. President is split over pages 1-3 in column blocks; combined here.

contest: President
source: pages 1 (Kennedy..Terry), 2 (Trump..Write-in), 3 (Over/Under)
cols: ballots_cast | registered | total_votes | Kennedy | West | Oliver | Terry | Trump | Stein | Harris | writein | overvotes | undervotes
01: 101 122 101 2 0 1 0 53 0 45 0 0 0
02: 510 749 507 10 0 5 0 318 3 165 6 2 1
03: 425 543 419 12 1 9 0 201 4 190 2 1 5
04: 217 268 217 11 0 1 0 140 0 64 1 0 0
05: 659 885 651 10 1 1 0 284 6 346 3 0 8
06: 505 626 500 5 0 1 0 190 4 298 2 0 5
07: 268 353 265 5 0 4 1 87 2 164 2 0 3
08: 501 619 498 7 1 2 1 289 2 193 3 0 3
09: 828 1020 824 12 0 2 0 486 9 310 5 1 3
10: 523 699 516 9 0 3 2 279 3 218 2 0 7
11: 787 1082 780 16 2 0 0 437 4 318 3 0 7
12: 229 299 226 6 0 0 0 132 0 88 0 0 3
13: 248 316 248 4 0 0 0 160 0 82 2 0 0
14: 333 488 330 6 0 0 1 220 2 98 3 0 3
15: 440 665 432 1 0 0 0 253 0 174 4 0 8
16: 1272 1899 1260 26 1 5 0 736 4 474 14 0 12
17: 1581 2134 1570 27 1 6 2 879 7 644 4 1 10
18: 424 604 421 7 0 1 0 241 1 169 2 0 3
19: 693 917 687 8 0 0 0 457 4 216 2 1 5
20: 372 498 370 8 0 1 0 226 2 133 0 1 1
21: 289 393 287 2 0 1 1 171 2 109 1 0 2
22: 471 680 469 12 1 1 1 269 1 183 1 0 2
23: 459 596 455 18 0 4 0 244 2 186 1 0 4
24: 523 682 519 7 0 1 0 287 2 221 1 0 4
25: 513 777 510 6 1 0 0 288 1 213 1 0 3
26: 813 1043 808 6 0 2 1 466 4 327 2 0 5
27: 331 401 330 9 1 2 0 207 0 109 2 0 1
TOTAL: 14315 19358 14200 252 10 53 10 8000 69 5737 69 7 108

contest: State Senator, 1st District
source: page 11
cols: ballots_cast | registered | total_votes | Preciado-McAlister | Smith | writein | overvotes | undervotes
01: 101 122 94 40 54 0 0 7
02: 509 749 482 145 337 0 0 27
03: 425 543 399 174 224 1 0 26
04: 217 268 195 50 144 1 0 22
05: 657 885 638 323 314 1 0 19
06: 503 626 481 270 209 2 0 22
07: 268 353 253 150 102 1 0 15
08: 501 619 474 161 311 2 0 27
09: 827 1020 783 258 522 3 0 44
10: 523 699 494 193 301 0 0 29
11: 787 1082 739 265 474 0 0 48
12: 229 299 221 78 142 1 0 8
13: 246 316 238 70 166 2 0 8
14: 331 488 320 91 229 0 0 11
15: 440 665 412 142 269 1 0 28
16: 1272 1899 1198 426 769 3 0 74
17: 1581 2134 1494 547 944 3 0 87
18: 424 604 393 142 250 1 0 31
19: 693 917 661 193 465 3 0 32
20: 372 498 339 104 234 1 0 33
21: 287 393 268 84 181 3 0 19
22: 471 680 437 167 269 1 0 34
23: 459 596 430 158 271 1 0 29
24: 523 682 492 189 302 1 0 31
25: 513 777 488 193 294 1 0 25
26: 813 1043 777 290 483 4 0 36
27: 330 401 310 94 214 2 0 20
TOTAL: 14302 19358 13510 4997 8474 39 0 792

contest: State Representative, 1st District
source: page 12
cols: ballots_cast | registered | total_votes | Boice | Cecil | writein | overvotes | undervotes
01: 101 122 95 59 35 1 0 6
02: 509 749 478 330 148 0 0 31
03: 425 543 399 208 189 2 0 26
04: 217 268 205 146 59 0 0 12
05: 657 885 639 293 346 0 0 18
06: 503 626 480 194 283 3 0 23
07: 268 353 251 87 164 0 1 16
08: 501 619 478 302 173 3 0 23
09: 827 1020 787 501 283 3 1 39
10: 523 699 497 288 208 1 0 26
11: 787 1082 747 458 287 2 0 40
12: 229 299 225 143 80 2 0 4
13: 246 316 239 162 73 4 0 7
14: 331 488 316 223 93 0 0 15
15: 440 665 415 253 162 0 0 25
16: 1272 1899 1198 751 442 5 0 74
17: 1581 2134 1502 902 594 6 0 79
18: 424 604 400 247 152 1 0 24
19: 693 917 669 457 206 6 0 24
20: 372 498 350 234 114 2 0 22
21: 287 393 275 181 93 1 0 12
22: 471 680 439 262 176 1 0 32
23: 459 596 431 264 165 2 0 28
24: 523 682 496 295 201 0 0 27
25: 513 777 488 284 202 2 0 25
26: 813 1043 783 476 303 4 0 30
27: 330 401 313 209 103 1 0 17
TOTAL: 14302 19358 13595 8209 5334 52 2 705
