# Polk p.2 President: RFK West Oliver Terry Trump Stein Harris WriteIn TotalVotes Over Under
Precinct 102 21 1 4 2 861 4 446 8 1,347 1 21
Precinct 106 18 2 2 0 729 1 328 6 1,086 0 14
Precinct 110 15 2 1 0 437 5 249 4 713 0 7
Precinct 118 46 5 11 1 1,706 20 1,245 34 3,068 1 45
Precinct 122 12 0 3 0 615 2 543 10 1,185 0 19
Precinct 134 72 9 18 1 2,176 37 2,577 41 4,931 0 56
Precinct 136 48 2 20 6 1,552 18 1,968 35 3,649 1 49
Precinct 140 53 11 18 9 1,337 30 1,885 25 3,368 3 27
Precinct 146 56 13 18 3 1,577 19 2,259 32 3,977 2 47
Precinct 152 69 3 16 3 2,829 13 1,357 27 4,317 4 52
Precinct 154 83 8 17 5 2,654 16 1,805 29 4,617 0 57
Precinct 156 72 2 16 1 1,441 13 1,056 18 2,619 3 32
Precinct 162 61 3 6 4 1,708 6 1,089 20 2,897 2 33
Precinct 166 16 3 10 4 434 5 281 3 756 0 8
Precinct 178 94 13 47 7 1,825 30 2,512 41 4,569 4 47
Precinct 182 83 8 28 5 1,887 22 2,434 27 4,494 1 38
Totals 819 85 235 51 23,768 241 22,034 360 47,593 22 552
